000000000000000000000000000000000000000000000000000000000000000000000000000000000000000000000000000000000000000000000000000000000000000000000000000000000000000000000
000000000000000000000000011111111110011000100010000000100010001000100010000000000000000000000000000000000000000000000000000000000000000000000000000000000000000000000
000000000000000000000000011111111100001000100010000000100010001000100010000000000000000000000000000000000000000000000000000000000000000000000000000000000000000000000
000000000000000000000000011001100100001000100010000000100010001000100010000000000000000000000000000000000000000000000000000000000000000000000000000000000000000000000
000000000000000000000000010000000000001111111110000011111111111111111111100010000000000000000000000000000000001111100000001111111111111100000000111001001001100000000
000000000000000000000000010000000000011000000110000011100000011100000011000010000000000000000111110001111111101111100000001111110000000100000000111001001001100000000
000000000000000000000000010000000000001000000110000011100000011100000011000010000000000000000111110001111111101111100000001111110000000100000000011111111111100000000
000000000000000000000000011111111100001000000110000001100000001100000010000010000000000000000111110001111111101111100000001111110000000100000000011001001001100000000
000000000000000000000000011001100100001000000010000001100000001100000010000010000000000000000111110001111111111111100000001111110000000100000000011001001001100000000
000000000000000000000000010000000011111003000010040001105000001106000010070010000000000000000000111111111111111111100000001111110000000100000000011111111111100000000
000000000000000000000000010000000011111111111111011111111000011111000011011111110000000000000000111111110011101111100000001111110000000100000000011001001001100000000
000000000000000000000000010000000011111111111111111111111111111111111111111111110000000000000000111111110011101111100010001111110011100100000000011001001001100000000
000000000000000000000000011111111111111111111111111111111111111111111111111111110000000000000000111111110011101111111111111111110011100000010110011111111111100000000
000000000000000000000000011001100111111111111111111111111111111111111111111111110000000000000000000000000000001111111111111111111111100000011111111001001001100000000
000000000000000000000000010000000011111000000110000011100000111000001110000010000000000000000000000000000001111110111111111111111111100000011111111001001001100000000
000000000000000000000000010000000011111000000110000011100000111000001110000010000000000000000000000000000001111110111111111111111111100011011111101111111110100000000
000000000000002000000000010000000011111000000110000011100000111000001110000010000000000000000000000000000001111110111111011111111111000001011111101111111110100000000
011111111111111001111111111111111111111000000010000001100000011000000100000010000000000000000000000000000001111111111111111111111111111111111111111111111110100000000
011000111111111001111111111111111111111050000010400001100300011009000100080010000000000000000000000000000001111111111111111111111111111111111111111111111111100000000
010000011111111111111111111111111111111110000011110001111101011101110100111010000000000000000000000000000001111111111111111111111111000001111111111111111111100000000
010000011111111111111111111111111111111111111111111111111111111111111111111110000000000000000000000000000001111111111111111111111111100000111111000111111111100000000
010000011110000000001111100000000001111111111111111111111111111111111111111000000000000000000000000000000001111111111111000111111111100000011111000111111111100000000
010010011110000000001111100000000001111110011100000000000000000010011001000000000000000000000000000000010001111111111111000111111111100000011111000111111111100000000
010111111110000000000000000000000001110010010000000000000000000010011000000000000000000000000000000000010001111111111111000111111111100011111111111111111111100000000
011111111110000000000000000000000001110011110000000000000000000011111000000000000000000000000000000001111111111111111111000111111111100011111111111111111111100000000
000000001110000000000000000000000001110000000000000000000000000000000001111111111111111111111111111111111111111111111000000011100000000011111111111111111111100000000
111111111111111111111111111111111111111111111111111111111111111111111111111111111111111111111111111111111111111111111000000011100000000011111111111111111111100000000
111111111111111111111111111111111111111111111111111111111111111111111111111111111111111111111111111111111111111000111000000011100000000011111111011111111111100000000
111111111111111111111111111111111111111111111111111111111111111111111111111111111111111111111111111111111111111000111000111111111111111111111111011111111111100000000
000000011110000000000000000000000011110000000000000000000000000000000000000000000000000000000000000001111111111000111000100011111111111111111111111111111111100000000
000000001111111111111111111111000111111111111111111111111111111110011000010010010000000000111111000001111111111111111000100011111111111111000111111111111110100000000
000000001110010011001000110010000011111000100000000000100001000010011111110010010000000000111111000000000001111111111000100011111111111111000111111111111110100000000
000000001110010000000000110010000011110000100000000000100001000011111111111111110000000000111111001111111101111111111000111101111111111111000111111111111110100000000
000000001110010000000000100010000011110000100000000000100001000011111001111001110000000000111111001111111101111111111000111101111111111111111111111111111111100000000
000000001110010000000000100010000011110000100000000000110001100011111001111001110000000000111111000000001101111111111000111101100001111111111111111111111111100000000
000000001111110000000000100010000011111111111110000000111111111111111111111111110000000000111111000000001101111111111000111111100001111111111111111111111111100000000
000000001100010000000000100011000001111000000011000001110000000011110000000011110000000000111111000000001101111101111000111111111111111111111111111111111111100000000
000011111111110001001000100001000001100000000011001001110000000011110000000011110000000000111111000000001101111101111000111100011111111111111111111111111111100000000
000000011111110111111000100001111001100000000011011101110000000011110000000000010000000000111111000000001101111111111000111100011111111111111111111111111111100000000
000000000001100001000000000000000001100000000011011101110000000011110000000000010000000000111111000000001101111100011000111100011111111111111111111111111111100000000
000000000001111111111111111111111111100000000011001100000000000011110000000000010000000000111111000000001101111100011000111111111111111111111111110001111111100000000
000000000111111111111111111111111111111000100011001100000000000011110000000000010000000000111111011111111101111100011000111111111111111111111111110001111110100000000
000000000010010000110000000011111111100000100000001111110001100011110010000000010000000000111111011111111101111111111000111111111111111111110111110001111110100000000
000000000000010000100000000001000111111111111111111000000001101111111010000000010000000000111111000111000001111111111000111111111111000111110111111111111110100000000
000000000000111100100000000001000111111111100011111111111111101111111011011111110000000000111111111111111111111111111000111101111111000111110111111111111111100000000
000000000000000000100000000001000111111000100010000000110001100000000011111111110000000000111111111111111111111111111000111101100001000111111111011111111111100000000
000000000000000000000000000001000111110000000000000000010001111111111111111110010000000000111111111111111111111111111000111111100001111111111111011111111111100000000
000000000000000000000000000000001101110000000000000000010001001111111111111100000000000000110000111111111111111111111000111111111111111111111111111111111111100000000
000000000000000000000001000010001011110000000000000000011111001100000000000000000000000000100000111111111111111111111000111111111111111111111111111111111111100000000
000000000000000000000001101110001001110000000000000000010001001100000000000000000000000000100000111000000111111111111000000000000000001110000000000000001110000000000
000000000000000000000011101110001001110100000000000000010001111100000000000011110000000000100000111000000111111111111000000000000000001110000000000000001110000000000
000000000000000000000011111111111001111100000000001000010001111100000000000010010000000000110001111000000111111101111000000000000000001110000000000000001110000000000
000000000000000000000011000000000000100100000000001000000001100000000000000010010000000000111111111000000111111101111111111111111111111111111001100011111110000000000
000000000000000000011111111111111111111111111111111111111111100000000000000010010000000000111110001111111111111111111111111111111111111111011000100011111111100000000
000000000000000000011110001000000001111111110001111000000001100000000000000010010000000000111110001110011111111111111111111111111111111111011000100011111111100000000
000000000000000001110000001000000001111111110001011000000001100000000000000010010000000000111110001110011111111111111111111111111111111111111111100011111111100000000
000000000000000000000000000000000001110011110001111000000001100000000000000010010000000000111110001100011101111111111111111000000000000000000111100011111111100000000
000000000000000000000000000000000001110011110101111000000001100000000000000010010000000000111111111111111101111000111111111000000000000000000111000011111111100000000
000000000000000000000000001111111111110011111111011111111111100000001000000010010000000000111100000000000101111000111111111000000000000000000000000011111111100000000
000000000000000000000000001110001111100000000000001000000001000000001000000110010000000000110000000000000111111000110111111000000000000000000000000011111111100000000
000000000000000000000000000110001001111111111111111111111111111111111000000011110000000000110011111111111111111111110111111000000000000000000000000111111111100000000
000000000100000000000000000000001001111111111111111111111111111111111000000011110000000000110011111111111111111111110111111000000000000000000000000110001111100000000
000000000100000011000000000000110000111110000010000011111111000000111000100111110000000000110011111110000111111111111000111000000000000000000000000110001111100000000
000000000100000011000000000000111000110010000010000010011001000000111011111110110000000000111101000000000111111101111000111000000000000000000000000110001110100000000
000000000100000010011000000000111111110010000010000010011001000000101111111111110000000000111101000000111111111101111000111000000000000000000000000111111110100000000
000000000101000010011000000000100011100000000010000010011001111111111111100000000000000000111111111111111111111111111111111000000000000000000000000111111110100000000
000000000101000010011000000000100011100000000010000010011001000000000001100000000000000000110101111110000011111111111111111000000000000000000000000111111111100000000
000000000101111110011111000000100011111111000011000011111111000000000001100000000000000000110101111110000011111111111111111111111111111111111111111111111111100000000
000000000111100111000011001111110011110000001111001111111111100000110001100000000000000000111111111110000011111111111111111111111111111111111111111111111111100000000
000000000001100000000010001111100001100000111111111111111111100000110011100000000000000000111111111110000011111111111111111111111111111111111111111111111111100000000
000000000001001000000010000001100001100000110001111111111111100000000011100000000000000000111111111111111111111111111111111111111111111111111111111111111111100000000
000000000001001000000010000001110001100000110001111111111111110000000001100000000000000000111111111111111110001111111110000000000000000000000000000000001111100000000
000000000001001111111111100000001111100001110001111111111111110000000001100000000000000000111000000000111110001111111110000000000000000000000000000000001111100000000
000000000001111111111111100000000000100000001111111000111100100000000000100000000000000000111000000000000110001111111110000000000000000000000000000000001111100000000
000000000000011111000011100000000000100000001110001000111100100000000000100000000000000000111000000000000111111110111000111111111111111111111111111110001111100000000
000000000000000001000011100000000000100000001110001000111000000000000000001100000000000000111000000000000111111110111000111111111111111111111111111110001110100000000
000000000000000001000011111111110000100000000110001000111111111111111111111100000000000000111111000000000111111110111000110111111111111111111011111110001110111111000
000000000000000001000011000000000000100000000111111111111111111111111111111000000000000000111111111111111111111111111000110111111111111111111011111110001110111111000
000000000000000001111111000000000000100000000111111111111111111111111000111100000000000000111100111000111111100001111000111111111111111111111111111110001111111111000
000000000000000111000011000000000000100000111110001111111111111111111000111000000000000000111000000000111110000001111000110111111111111111111011111110001111000011000
000000000000000110000011111111111111100000100100001100000000100000000000111000000000000000111000000000111110000001111000110111111111111111111011111110001111000011000
000000000000000000000011111100001111100000000010001100000000100000000000111000000000000000111000000000011110000001111000111111111111111111111111111110001111000011000
000000000000000000000111100100001111100000000010001100000000100000000000111000000000000000111000000000011111111111111000111111111111111111111111111110001111000011000
000000110000000000001111000000000011110000000111100000000000100000000000111000000000000000111000000000111111111111111000111111111111111111111111111110001111000011000
000000111110011000001111000000000001111000000001100000000000100000000000111000000000000000111000010000111111111111111000111111111111111111111000111110001111000011000
000000111111111011111111000100000001111000000001100000001000100001000000111000000000000000111111111111111111111111111000111111111111111111111000111110001111000011000
000000001111111111111111111100000011111000000001111111011111111011111000110000000000000000111111111111110001111111111000111111111111111111111000111000001111000011000
000000001111111111111100011100000111111111111111111111111111111111111111111111111111111111111111111111110001111110111000111111111111111111111111111110001111111111000
000000001100001111111100000000000000100011110011111100011111111000000110000000010000000000111111111111110001111110111000111111100000001111111111111110001110111111000
000000011000000010000100000000000000100010000011111100011110001000000110000000010000000000111111111001111111111110111000111111100000001111111111111110001110111111000
000000011000000000000111100000000000100010000000010000011110000000000110000000000000000000111111111111111111111111111000111111100000001111111111111110001110111111000
000000011000000000000001100000000000111110001000010011110010000001111110000000000000000000111111111111111111111111111000111111100000001111000000011110001111111111000
000000011000000000000001100000000000100010001000011111110010000001111110000000010000000000111111111111111111111111111000110111100000001111000000011110001111111111000
000000011000000000000001100000000000100011111100111111111111100000011110000100010000000000111111111111111111111111111000111111100000001111000000011110001111111111000
000000001000000000011111100000000000100011111111111111100011111100011111111110110000000000111111110001111111111111111000111111100000001111000000011110001111111111000
000000001000000000011111100000000000000000000000000000100011100100011111111111110000000000100011110001111111111111111000111111100000001111000000011110001111111111000
000000001000000100111001100000000000000000000000000000100010000111110001110000110000000000100011110001100000000111111000111111100000001111000000011110001111111111000
000000001000000111110000100000000000000000000000000000111100001100110001110000100000000000111111111111100000000111111000111111100000001111000000011110001111111111000
000000011000000011110000111100100111111111111111100011110000001100110000010000100000000000111111111111100000000111111000111111100000001111000000011110001111000111000
000000011000000000000001111111111111111111111111100011100000011111111000010000110000000000111000111111100000000111111000111111100000001111000000011110001111000111000
000000011000000000000000011111111111111111111111100011100000111111111000010000110000000000111000110001100000000111111000111111100010001111000000011110001111000111000
000000111000000000000000011111111111111111111111100011100000110011001110010000110000000000111111110001100000000111111000111111111111111111000000011110001111111111000
000000111000000000000000010001111111111111111111100011110000100000000111100011110000000000111000011111100011000111111000111111111111111111000000011110001111111111000
000000111000000000000000010001111111111111111111100011110000100000000111100011110000000000111000011111101111101110111000000000111111111111000100011110001110111111000
000000111000000000000011111111111111111111111111100011110000110011001111100000010000000000111000011111101111101110111111000000111111111111111111111111111110111111000
000000100000000000000000001001110000001111101111111111111001111111111110011100010000000000111000011111101111101110111111000000111111111111111111111111111110111111000
000000100000000000000000001001110000001110000010000001111111000000000010011100010000000000111111110111111111111111111111111111111111111111111111111111111111111111000
000000100000000000000000000000100000000000000010000001111111000000000011111110110000000000111111110111111111111111111111111111111111111111111111111111111111111111000
000000111000000000000000000001110010010000000010000001111000000000000011111111110000000000111111111111111111111111111111111111111111111111111111111111111111111111000
000000111000000000000000000000111111111110000010000001111000000000011111111001110000000000111111111111111111111111111111111111111111111100011100111111111101111111000
000000111001100000000000000000100000110000100010100001100000000000111111110000110000000000111111111111111000000000000000000011011000111100011100111111111101111111000
000000011000100000110000000000100000110001111111100001100011000000111100010000110000000000111111111111111000000000000000000011011000111111111100111111111100011111000
000000011000100000111100000111100000111111111111111111100010000000000000000001110000000000111101000111111000000000000000000011111000111111111100111111111100011111000
000000011000100000111100000111100000111111111111111111100010000000000000000001110000000000111101111101111000000000000000000001111111111000011100111111001100011111000
000000011111100111111111111111111111111111111111111111111110000000000000000001110000000000111111001101111000000000000000000001111111110000011100111111111111111111000
000000011111111111100001000010000000000000000000111111111111110000000000000001110000000000111111001111111000000000000000000000011111110000011111100111111111111111000
000000011111100110000000000000000000000000000000000010001111110000000000000011110000000000111101111101110000000000000000000000011111110000011010000111111000011111000
000000011100000100000000000000000000000000000000000010001100000000000000001100010000000000111101111101110000000000000000000000011111110000011010000001111000011111000
000000000000000100000000000000000000000000000000000010001100000000000001111100010000000000111111000111110111100000000000000000011111100001011110000001111100011111000
000000000000011100000000000000000000000000000000000010001100000011110011111100010000000000111011111111111111100000000000000000011111101111111100000001100001111111000
000000000001111100000000000000000000000000000000000010001111111111111111111111111111111111111011111111111111100000000000011000011111111111111100000111100001011111000
000000000001111000000000000000000000000000000000000010001110000001000000000111110000000000111111000000000011100000000011011011111111100111111100000111100001011111000
000000001111111000000000000000000000000000000000000111000110000001000000000000010000000000111111000000000011111111111111011011111001100111111100000111100001111111000
000000001000000000000000000000000000000000000000000111000110000001000000000000010000000000111011000000000011111101111111111111101111100111111100000101001001011111000
000000001000000000000000000000000000000000000000000111000011000001000000100000010000000000111011000000000011111101110001111111100000011111111101000101011110011111000
000000001000000000000000000000000000000000000000000111000010000001000001100000110000000000111011000000000000001101110001111101100001111111101111111001011110111111000
000000001100000000000000000000000000000000000000001111000000000001001001100100000000000000111011000000000000001111111111111111111111111111111111111111111111111111000
000000001100000000000000000000000000000000000000000011000000000001111101100100000000000000111111000000000000001111111111111111111111111111111111111111111111111111000
000000001100010000000000000000000000000000000000000011111100000001111111111110000000000000111111000000000000001111111111111111111111111111111111111111111111111111000
000000001100010000000000000000000000000010001000000011111000000000000001000111110000000000011000000000000000001101110011111111101111110001111100011111100011011111000
000000001100010000000000000000000000000010001000011110001000000000000000000100010000000000011000000000000000001101110011001111000111110001111100011111100011111111000
000000001111110000000100000000000000000010001000000010001000000000000000000100010000000000111000000000000000001101111111001111000111111111010001111111111001111111000
000000000000010000000100000000010000000110001000000010000000000000000000000100010000000000111000000000000000001101111111001110000011111100010001111111111110011111000
000000000000010000000100000000111110111110001000000011100000000000000000000100010000000000111000000000000000001111111111111110000011011111110001011111111110011111000
000000000000010000100100000000111111111110001000000011100000000000000000000100010000000000011000000000000000001111111100111110000011111111111111011100000010011101000
000000000000011101111100000000111111111110001000000111100000000000000000000100010000000000011000000000000000000000011001111110000011111111111111111100000011111101000
000000000000111111100000000000100000111110001000001111111000000000010010000100010000000000011000000000000000000000011001111110000011111100000011111100000011111101000
000000000000000000100000000000100000111110001000000000001000000000011111111100010000000000111000000000000000000000011001110010000011110000000011111100000011111111000
000000000000000000100000000000111111110010001000000000001000000000011110001100010000000000111000000000000000000000011100110010010011110000000011111100110011111111000
000000000000000000111100000000111111010011111000000000001100000000000010001100010000000000110000000000000000000000011100110011111111110000000011111111111111111111000
000000000000000000111100000000000000010000000000000000011000000000000010001100010000000000110000000000000000000000011111111001111111101000110011111011111100111111000
000000000000000000000111000000000001110001000100011100011000001000000011111100010000000000110000000000000000000000011111111001111111101001111100011101111000111111000
000000000000000000000111000000000001110001000111111100011000001000100111111100010000000000110000000000000000000000000000011000111011101111111000011101111000111111000
000000000000000000000111111111111111111111111111111111111100011000111111111100010000000000000000000000000000000000000000011111111111111111111111111111111111111111000
000000000000000000000000011100000001110001000111111100111111111111111111000100010000000000000000000000000000000000000000011111111111111111111111111111111111111101000
000000000000000000000000000000000000000000000000000000000100001110000000000000000000000000000000000000000000000000000000011111111111111111111111111111111111111101000
000000000000000000000000000000000000000000000000000000000000000000000000000000000000000000000000000000000000000000000000011111111111111111111111111111111111111101000
000000000000000000000000000000000000000000000000000000000000000000000000000000000000000000000000000000000000000000000000000000000000000000000000000000000000000000000
000000000000000000000000000000000000000000000000000000000000000000000000000000000000000000000000000000000000000000000000000000000000000000000000000000000000000000000
000000000000000000000000000000000000000000000000000000000000000000000000000000000000000000000000000000000000000000000000000000000000000000000000000000000000000000000
