0000000000000000000000000
0000011111111111111111100
0000111111111111111111100
0001100110000000000001110
0011100110000001111101110
0111111110001001100001110
0110011110111111001111110
0110011110111111011111110
0111111101111111011100000
0111111011111111011100000
0111100111111111011100000
0111001111111110011100000
0111011111111100111100000
0111000001111101111110000
0111000001111110011111000
0111000001111110011111100
0111010011111111011111110
0111011111111111011111110
0111011111100111011110110
0111001100000000011110110
0111111100111111111111110
0111111100111111111111110
0011111100111111111111110
0011111100111111111111110
0000000000000000000002000
