0000000000000000000000000000000000000000000000000000000000000000000000000000000000000000000000000000000000000000000000000000000000000000000000000000000000000000000
0000000000000000000000000000000000000000000000000000000000000000000000000000000000000000000000000000000000000000000000000000000000000000000000000000000000000000000
0000000000000000000000000000000000000000000000000000000000000000000000000000000000000000000000000000000000000000000000000000000000000000000000000000000000000000000
0000000000000000000000000000000000000000000000000000000000000000000000000000000000000000000000000000000000000000000000000000000000000000000000000000000000000000000
0000000000000000000000000000000000000000000000000000000000000000000000000000000000000000000000000000000000000011111000000011111111111111000000001110010010011000000
0000000000000000000000000000000000000000000001100000111000000111000000000000100000000000000001111100011111111011111000000011111100000001000000001110010010011000000
0000000000000000000000000000000000000000000001100000111000000111000000000000100000000000000001111100011111111011111000000011111100000001000000000111111111111000000
0000000000000000000000000000000000000000000001100000011000000011000000000000100000000000000001111100011111111011111000000011111100000001000000000110010010011000000
0000000000000000000000000000000000000000000000100000011000000011000000000000100000000000000001111100011111111111111000000011111100000001000000000110010010011000000
0000000000000000000000000000000000000000010000100100011010000011010000000100100000000000000000001111111111111111111000000011111100000001000000000111111111111000000
0000000000000000000000000000000000011111111111110111111110000111110000000111100000000000000000001111111100111011111000000011111100000001000000000110010010011000000
0000000000000000000000000000000000011000000000100000010000000010000000000000100000000000000000001111111100111011111000100011111100111001000000000110010010011000000
0000000000000000000000000000000000011000000000100000010000000010000000000000100000000000000000001111111100111011111111111111111100111000000101100111111111111000000
0000000000000000000000000000000000011000000000100000010000000010000000000000100000000000000000000000000000000011111111111111111111111000000111111110010010011000000
0000000000000000000000000000000000011000000000100000010000000010000000000000100000000000000000000000000000011111101111111111111111111000000111111110010010011000000
0000000000000020000000000000000000011000000000100000111000000110000011100000100000000000000000000000000000011111101111111111111111111000110111111011111111101000000
0000000000000010000000000000000000011000000000100000111000000110000011100000100000000000000000000000000000011111101111110111111111110000010111111011111111101000000
0000000000000010000000000000000000011000000000100000011000000110000001000000100000000000000000000000000000011111111111111111111111111111111111111111111111101000000
0000000000000010000000000000000000011000400000101000011001000110010001000100100000000000000000000000000000011111111111111111111111111111111111111111111111111000000
0000000011111111111111111111111111111111100000111100011111010111011101001110100000000000000000000000000000011111111111111111111111110000011111111111111111111000000
0000000011111111111111111111111111111111111111111111111111111111111111111111100000000000000000000000000000011111111111111111111111111000001111110001111111111000000
0000000011000000000000000000000000011000000000000000000000000000000000000000000000000000000000000000000000011111111111110001111111111000000111110001111111111000000
0000100011000000000000000000000000011000000000000000000000000000000000000000000000000000000000000000000100011111111111110001111111111000000111110001111111111000000
0000111111000000000000000000000000011000000000000000000000000000000000000000000000000000000000000000000100011111111111110001111111111000111111111111111111111000000
0000000011000000000000000000000000011000000000000000000000000000000000000000000000000000000000000000011111111111111111110001111111111000111111111111111111111000000
0000000011000000000000000000000000011000000000000000000000000000000000011111111111111111111111111111111111111111111110000000111000000000111111111111111111111000000
1111111111111111111111111111111111111111111111111111111111111111111111111111111111111111111111111111111111111111111110000000111000000000111111111111111111111000000
1111111111111111111111111111111111111111111111111111111111111111111111111111111111111111111111111111111111111110001110000000111000000000111111110111111111111000000
1111111111111111111111111111111111111111111111111111111111111111111111111111111111111111111111111111111111111110001110001111111111111111111111110111111111111000000
0000000111100000000000000000000000111100000000000000000000000000000000000000000000000000000000000000011111111110001110001000111111111111111111111111111111111000000
0000000011000000000000000000000000011000000000000000000000000000000000000000000000000000001111110000011111111111111110001000111111111111110001111111111111101000000
0000000011000000000000000000000000011000000000000000000000000000000000000000000000000000001111110000000000011111111110001000111111111111110001111111111111101000000
0000000011000000000000000000000000011000000000000000000000000000000000000000000000000000001111110011111111011111111110001111011111111111110001111111111111101000000
0000000011000000000000000000000000011000000000000000000000000000000000000000000000000000001111110011111111011111111110001111011111111111111111111111111111111000000
0000000011000000000000000000000000011000000000000000000000000000000000000000000000000000001111110000000011011111111110001111011000011111111111111111111111111000000
0000000011000000000000000000000000011000000000000000000000000000000000000000000000000000001111110000000011011111111110001111111000011111111111111111111111111000000
0000000011000000000000000000000000011000000000000000000000000000000000000000000000000000001111110000000011011111011110001111111111111111111111111111111111111000000
0000111111111000010000000000000000011000000000000010000000000000000000000000000000000000001111110000000011011111011110001111000111111111111111111111111111111000000
0000000000001000010000000000000000011000000000000010000000000000000000000000000000000000001111110000000011011111111110001111000111111111111111111111111111111000000
0000000000001000010000000000000000011000000000000010000000000000000000000000000000000000001111110000000011011111000110001111000111111111111111111111111111111000000
0000000000001111111111111111111111111000000000000010000000000000000000000000000000000000001111110000000011011111000110001111111111111111111111111100011111101000000
0000000000001111111111111111111111111000003000000010000000000000000000000000000000000000001111110111111111011111000110001111111111111111111111111100011111101000000
0000000000000000000000000000000000001000001000000010000000011000000000100000000000000000001111110111111111011111111110001111111111111111111101111100011111101000000
0000000000000000000000000000000000001111111111111110000000011000000000100000000000000000001111110001110000011111111110001111111111110001111101111111111111111000000
0000000000000000000000000000000000001000000000000011111111111000000000100000000000000000001111111111111111111111111110001111011111110001111101111111111111111000000
0000000000000000000000000000000000001000000000000000000000011000000000100000000000000000001111111111111111111111111110001111011000010001111111110111111111111000000
0000000000000000000000000000000000001000000000000000000000011111111111100000000000000000001111111111111111111111111110001111111000011111111111110111111111111000000
0000000000000000000000000000000000001000000000000000000000010000000000000000000000000000001100001111111111111111111110001111111111111111111111111111111111111000000
0000000000000000000000010000000000001000000000000000000000010000000000000000000000000000001000001111111111111111111110001111111111111111111111111111110011100000000
0000000000000000000000010000000000001000000000000000000000010000000000000000000000000000001000001110000001111111111110000000000000000011100000000000000011100000000
0000000000000000000000010000000000001005000000000000000000010000000000000000000000000000001000001110000001111111111110000000000000000011100000000000000011100000000
0000000000000000000000010000000000001001000000000010000000010000000000000000000000000000001100011110000001111111011110000000000000000011100000000000001111100000000
0000000000000000000000010000000000001001000000000010000000010000000000000000000000000000001111111110000001111111011111111111111111111111111110011000111111111000000
0000000000000000000000011111111111111111111111111111111111110000000000000000000000000000001111100011111111111111111111111111111111111111110110001000111111111000000
0000000000000000000000000000000000001000000000000010000000010000000000000000000000000000001111100011100111111111111111111111111111111111110110001000111111111000000
0000000000000000000000000000000000001000000000000010000000010000000000000000000000000000001111100011100111111111111111111111111111111111111111111000111111111000000
0000000000000000000000000000000000001000000000000010000000010000000000000000000000000000001111100011000111011111111111111110000000000000000001111000111111111000000
0000000000000000000000000000000000001000000000000010000000010000000000000000000000000000001111111111111111011110001111111110000000000000000001110000111111111000000
0000000000000000000000000000000000001000000000000010000000010000000010000000000000000000001111000000000001011110001111111110000000000000000000000000111111111000000
0000000000000000000000000000000000001000000000000010000000010000000010000000000000000000001100000000000001111110001101111110000000000000000000000000111111111000000
0000000000000000000000000000000000001111111111111111111111111111111110000000000000000000001100111111111111111111111101111110000000000000000000000001110011111000000
0000000000000000000000000000000000001111111111111111111111111111111110000000000000000000001100111111111111111111111101111110000000000000000000000001100011111000000
0000000000000000000000000000000000001000000000000000000110000000000000000000000000000000001100111111100001111111111110001110000000000000000000000001100011101000000
0000000000000000000000000000000000001000000000000000000110000000000000000000000000000000001111010000000001111111011110001110000000000000000000000001101111101000000
0000000000000000000000000000000000001000000000000000000110000000000000000000000000000000001111010000001111111111011110001110000000000000000000000001111111101000000
0000000000010000000000000000000000001000000000000000000110000000000000000000000000000000001111111111111111111111111111111110000000000000000000000001111111111000000
0000000000010000000000000000000000001000000000000000000110000000000000000000000000000000001101011111100000111111111111111110000000000000000000000001111111111000000
0000000000010000000000000000000000001000000000000000011111100000000000000000000000000000001101011111100000111111111111111111111111111111111111111111111111111000000
0000000000010000000000000000000000001000000000000000011111100000000000000000000000000000001111111111100000111111111111111111111111111111111111111111111111111000000
0000000000010000000000000000000000001000000000000000011111100000000000000000000000000000001111111111100000111111111111111111111111111111111111111111111111111000000
0000000000010000000000000000000000001000000000000000011111100000000000000000000000000000001111111111111111111111111111111111111111111111111111111111110011111000000
0000000000010000000000000000000000001000000000000000011111100000000000000000000000000000001111111111111111100011111111100000000000000000000000000000000011111000000
0000000000010000000000000000000000001000000000000000000110000000000000000000000000000000001110000000001111100011111111100000000000000000000000000000000011111000000
0000000000011111111111100000000000001000000000000000000110000000000000000000000000000000001110000000000001100011111111100000000000000000000000000000000011111000000
0000000000000000000000100000000000001000000000000000000110000000000000000000000000000000001110000000000001111111101110001111111111111111111111111111100011101000000
0000000000000000000000100000000000001000000000000000000110000000000000000000000000000000001110000000000001111111101110001111111111111111111111111111100011101111110
0000000000000000000000100000000000001000000000000000000111111111111111111100000000000000001111110000000001111111101110001101111111111111111110111111100011101111110
0000000000000000000000100000000000001000000000000000000111111111111111111100000000000000001111111111111111111111111110001101111111111111111110111111100011111111110
0000000000000000000000100000000000001000000000000011111110000000000000001100000000000000001111001110001111111000011110001111111111111111111111111111100011110000110
0000000000000000000000100000000000001000000000000011111110000000000000001100000000000000001110000000001111100000011110001101111111111111111110111111100011110000110
0000000000000000000000111111111111111000000000000000000000000000000000001100000000000000001110000000001111100000011110001101111111111111111110111111100011110000110
0000000000000000000000100000000000001000000000000000000000000000000000001100000000000000001110000000000111100000011110001111111111111111111111111111100011110000110
0000000000000000000000100000000000001000000000000000000000000000000000001100000000000000001110000000000111111111111110001111111111111111111111111111100011110000110
0000000000000000000000100000000000001000000000000000000000000000000000001100000000000000001110000000001111111111111110001111111111111111111111111111100011110000110
0000000000000000000000100000000000001000000000000000000000000000000000001100000000000000001110000100001111111111111110001111111111111111111110001111100011110000110
0000000000000000000000100000000000001000000000000000000010000000010000001100000000000000001111111111111111111111111110001111111111111111111110001111100011110000110
0000000000000000011111100000000000001000000000000000000010000000010000001100000000000000001111111111111100011111111110001111111111111111111110001110000011111111110
0000000011111111110000000000000000001111111111111111111111111111111111111111111111111111111111111111111100011111101110001111111111111111111111111111100011101111110
0000000010000000000000000000000000000000000000000100000000000000000001000000000000000000001111111111111100011111101110001111111000000011111111111111100011101111110
0000000010000000000000000000000000000000000000000100000000000000000001000000000000000000001111111110011111111111101110001111111000000011111111111111100011101111110
0000000010000000000000000000000000000000000000000100000000000000000001000000000000000000001111111111111111111111111110001111111000000011111111111111100011111111110
0000000010000000000000000000000000000000000000000100000000000000000001000000000000000000001111111111111111111111111110001111111000000011110000000111100011111111110
0000000010000000000000000000000000000000000000000100000000000000000001000000000000000000001111111111111111111111111110001101111000000011110000000111100011111111110
0000000010000000000000000000000000000000000000000111111000000000000001000001000000000000001111111111111111111111111110001111111000000011110000000111100011111111110
0000000010000000000000000000000000000000000000000000001000000000000001000001000000000000001111111100011111111111111110001111111000000011110000000111100011111111110
0000000010000000000000000000000000000000000000000000001000000000000001111111000000000000001000111100011111111111111110001111111000000011110000000111100011111111110
0000000010000000000000000000000000000000000000000000001000000000000000000000000000000000001000111100011000000001111110001111111000000011110000000111100011111111110
0000000010000000000000000000000000000000000000000000001000000000000000000000000000000000001111111111111000000001111110001111111000000011110000000111100011110001110
0000000010000000000000000000001000000000000000000000001000000000000000000000000000000000001111111111111000000001111110001111111000000011110000000111100011110001110
0000000010000000000000000000001001111111111111111000001000000000000000000000000000000000001110001111111000000001111110001111111000000011110000000111100011110001110
0000000010000000000000000000001001111111111111111000001000000000000000000000000000000000001110001100011000000001111110001111111000100011110000000111100011111111110
0000000010000000000000000000001001111111111111111000001000000000000000000000000000000000001111111100011000000001111110001111111111111111110000000111100011111111110
0000001110000000000000000000001111111111111111111000001000000000000000000000000000000000001110000111111000110001111110001111111111111111110000000111100011101111110
0000001000000000000000000000001111111111111111111000001000000000000000000000000000000000001110000111111011111011101110000000001111111111110001000111101111101111110
0000001000000000000000000000001001111111111111111000001000000000000000000000000000000000001110000111111011111011101111110000001111111111111111111111111111101111110
0000001000000000000000000000001000000000000000000000001000000000000000000000000000000000001110000111111011111011101111110000001111111111111111111111111111111111110
0000001000000000000000000000001000000000000000000000001000000000000000000000000000000000001111111101111111111111111111111111111111111111111111111111111111111111110
0000001000000000000000000000001000000000000000000000001000000000000000000000000000000000001111111101111111111111111111111111111111111111111111111111111111111111110
0000001000000000000000000000001000000000000000000000001000000000000000000000000000000000001111111111111111111111111111111111111111111111111111111111111111011111110
0000001110000000000000000000001000000000000000000000001000000000000000000000000000000000001111111111111111111111111111111111111111111111000111001111111111011111110
0000000010000000000000000000001000000000001000001000001000000000000000000000000000000000001111111111111110000000000000000000110110001111000111001111111111000111110
0000000010000000000000000000001000000000001000001000001000000000000000000000000000000000001111111111111110000000000000000000110110001111111111001111111111000111110
0000000010000000000000000000001000000000001000001000001000000000000000000000000000000000001111010001111110000000000000000000111110001111111111001111110011000111110
0000000010000000000000000000001000000000001000001000001000000000000000000000000000000000001111011111011110000000000000000000011111111110000111001111111111111111110
0000000010000001111111111111111111111111111111111000001000000000000000000000000000000000001111110011011110000000000000000000011111111100000111001111111111111111110
0000000011111111000000000000000000000000000000001111111111000000000000000000000000000000001111110011111110000000000000000000000111111100000111111001111110000111110
0000000000000001000000000000000000000000000000000000100001000000000000000000000000000000001111011111011100000000000000000000000111111100000110100001111110000111110
0000000000000001000000000000000000000000000000000000100001000000000000000000000000000000001111011111011100000000000000000000000111111100000110100000011111000111110
0000000000000001000000000000000000000000000000000000100001000000000000000000000000000000001111110001111101111000000000000000000111111000010111100000011000011111110
0000000000000001000000000000000000000000000000000000100001000000000000000000000000000000001111111111111111111000000000000000000111111011111111000000011000010111110
0000000000001111000000000000000000000000000000000000100001111111111111111111111111111111111111111111111111111000000000000110000111111111111111000001111000010111110
0000000000001000000000000000000000000000000000000000100000000000010000000000000000000000001111110000000000111000000000110110111111111001111111000001111000011111110
0000000011111000000000000000000000000000000000000000100000000000010000000000000000000000001111110000000000111111111111110110111110011001111111000001110010010111110
0000000010000000000000000000000000000000000000000000100000000000010000000000000000000000001111110000000000111111011111111111111011111001111111000001010111100111110
0000000010000000000000000000000000000000000000000000100000000000010000000000000000000000001110110000000000111111011100011111111000000111111111010001010111101111110
0000000010000000000000000000000000000000000000000000100000000000010000000000000000000000001110110000000000000011011100011111011000011111111011111110011111111111110
0000000010000000000000000000000000000000000000000000100000000000010010000001000000000000001110110000000000000011111111111111111111111111111111111111111111111111110
0000000010000000000000000000000000000000000000000000100000000000010010000001000000000000001111110000000000000011111111111111111111111111111111111111111111111111110
0000000010000000000000000000000000000000000000000000100000000000011111111111000000000000001111110000000000000011111111111111111111111111111111111111111000110111110
0000000010000000000000000000000000000000000000000000100000000000000000000001000000000000000110000000000000000011011100111111111011111100011111000111111000111111110
0000000010000000000000000000000000000000000000000000100000000000000000000001000000000000000110000000000000000011011100110011110001111100011111000111111110011111110
0000000011111100000000000000000000000000000000000000100000000000000000000001000000000000001110000000000000000011011111110011110001111111110100011111111111100111110
0000000000000100000000000000000100000000000000000000100000000000000000000001000000000000001110000000000000000011011111110011100000111111000100011111111111100111110
0000000000000100000000000000000100000000000000000000100000000000000000000001000000000000001110000000000000000011111111111111100000110111111100010111110000100111010
0000000000000100001000000000000111111100000000000000100000000000000000000001000000000000000110000000000000000011111111001111100000111111111111110111000000111111010
0000000000000100001000000000000000000100000000000000100000000000000000000001000000000000000110000000000000000000000110011111100000111111111111111111000000111111010
0000000000000111111000000000000000000100000000000000111110000000000000000001000000000000000110000000000000000000000110011111100000111111000000111111000000111111110
0000000000000000001000000000000000000100000000000000000010000000000000000001000000000000001110000000000000000000000110011100100000111100000000111111004400111111110
0000000000000000001000000000000000000100000000000000000010000000000000000001000000000000001110000000000000000000000111001100100100111100000000111111001100111111110
0000000000000000001000000000000000000100000000000000000010000000000000000001000000000000001100000000000000000000000111001100111111111100000000111111111111111111110
0000000000000000001111000000000000000100000000000000000010000000000000000001000000000000001100000000000000000000000111111110011111111010001100111110111111001111110
0000000000000000000001000000000000000100000000000000000010000000000000000001000000000000001100000000000000000000000111111110011111111010011111000111011110001111110
0000000000000000000001000000000000000100000000000000000010000000000000000001000000000000001100000000000000000000000000000110001110111011111110000111011110001111110
0000000000000000000001111111111111111111111111111111111110000000000000111111000000000000000000000000000000000000000000000111111111111111111111111111111111111111110
0000000000000000000000000000000000000000000000000000000011111111111111100000000000000000000000000000000000000000000000000111111111111111111111111111111111111111010
0000000000000000000000000000000000000000000000000000000000000000000000000000000000000000000000000000000000000000000000000111111111111111111111111111111111111111010
0000000000000000000000000000000000000000000000000000000000000000000000000000000000000000000000000000000000000000000000000111111111111111111111111111111111111111010
0000000000000000000000000000000000000000000000000000000000000000000000000000000000000000000000000000000000000000000000000000000000000000000000000000000000000000000
0000000000000000000000000000000000000000000000000000000000000000000000000000000000000000000000000000000000000000000000000000000000000000000000000000000000000000000
0000000000000000000000000000000000000000000000000000000000000000000000000000000000000000000000000000000000000000000000000000000000000000000000000000000000000000000
